Time	Value
276941156	790
276951124	4095
276961124	4095
276971124	4095
276981124	4095
276991124	4095
277001124	4095
277011124	4095
277021124	4095
277031140	4095
277041124	4095
277051124	4095
277061124	4095
277071124	4095
277081124	4095
277091124	4095
277101124	4095
277111124	4095
277121124	4095
277131563	4095
277141124	4095
277151124	4095
277161124	4095
277171124	4095
277181124	4095
277191124	4095
277201124	4095
277211124	4095
277221124	4095
277231124	4095
277241132	4095
277251124	4095
277261124	4095
277271124	4095
277281124	4095
277291124	4095
277301124	4095
277311124	4095
277321124	4095
277331124	4095
277341132	4095
277351124	4095
277361124	4095
277371124	4095
277381124	4095
277391124	4095
277401124	4095
277411124	4095
277421124	4095
277431124	4095
277441132	4095
277451124	4095
277461124	4095
277471124	4095
277481124	4095
277491124	4095
277501124	4095
277511124	4095
277521124	4095
277531124	4095
277541132	4095
277551124	4095
277561124	4095
277571124	4095
277581124	4095
277591124	4095
277601124	4095
277611124	4095
277621124	4095
277631124	4095
277641124	4095
277651132	4095
277661124	4095
277671124	4095
277681124	4095
277691124	4095
277701124	4095
277711124	4095
277721124	4095
277731124	4095
277741124	4095
277751132	4095
277761124	4095
277771124	4095
277781124	4095
277791124	4095
277801124	4095
277811124	4095
277821124	4095
277831124	4095
277841124	4095
277851132	4095
277861124	4095
277871124	4095
277881124	4095
277891124	4095
277901124	4095
277911124	4095
277921124	4095
277931124	4095
277941124	4095
277951132	4095
277961124	4095
277971124	4095
277981124	4095
277991124	4095
278001124	4095
278011124	4095
278021124	4095
278031124	4095
278041124	4095
278051124	4095
278061132	4095
278071124	4095
278081124	4095
278091124	4095
278101124	4095
278111124	4095
278121124	4095
278131124	4095
278141124	4095
278151124	4095
278161132	4095
278171124	4095
278181124	4095
278191124	4095
278201124	4095
278211124	4095
278221124	4095
278231124	4095
278241124	4095
278251124	4095
278261132	4095
278271124	4095
278281124	4095
278291124	4095
278301124	4095
278311124	4095
278321124	4095
278331124	4095
278341124	4095
278351124	4095
278361132	4095
278371128	4095
278381124	4095
278391124	4095
278401124	4095
278411124	4095
278421124	4095
278431124	4095
278441124	4095
278451124	4095
278461132	4095
278471132	4095
278481124	4095
278491124	4095
278501124	4095
278511124	4095
278521124	4095
278531124	4095
278541124	4095
278551124	4095
278561124	4095
278571132	4095
278581124	4095
278591124	4095
278601124	4095
278611124	4095
278621124	4095
278631124	4095
278641124	4095
278651124	4095
278661824	4095
278671132	4095
278681124	4095
278691124	4095
278701124	4095
278711124	4095
278721124	4095
278731124	4095
278741124	4095
278751124	4095
278761124	4095
278771132	4095
278781124	4095
278791124	4095
278801124	4095
278811124	4095
278821124	4095
278831124	4095
278841124	4095
278851124	4095
278861124	4095
278871124	4095
278881132	4095
278891124	4095
278901124	4095
278911124	4095
278921124	4095
278931124	4095
278941124	4095
278951124	4095
278961124	4095
278971124	4095
278981132	4095
278991124	4095
279001124	4095
279011124	4095
279021124	4095
279031124	4095
279041124	4095
279051124	4095
279061124	4095
279071423	691
279081132	4095
279091124	4095
279101124	4095
279111124	4095
279121124	4095
279131124	4095
279141124	4095
279151124	4095
279161124	4095
279171124	4095
279181132	4095
279191124	4095
279201124	4095
279211124	4095
279221124	4095
279231124	4095
279241124	4095
279251124	4095
279261124	4095
279271124	4095
279281911	4095
279291124	4095
279301124	4095
279311124	4095
279321124	4095
279331124	4095
279341124	4095
279351124	4095
279361124	4095
279371124	4095
279381124	4095
279391132	4095
279401124	4095
279411124	4095
279421124	4095
279431124	4095
279441124	4095
279451124	4095
279461124	4095
279471124	4095
279481124	4095
279491132	4095
279501124	4095
279511124	4095
279521124	4095
279531124	4095
279541124	4095
279551124	4095
279561124	4095
279571124	4095
279581124	4095
279591132	4095
279601124	4095
279611124	4095
279621124	4095
279631124	4095
279641124	4095
279651124	4095
279661124	4095
279671124	4095
279681124	4095
279691516	4095
279701124	4095
279711124	4095
279721124	4095
279731124	4095
279741124	4095
279751124	4095
279761124	4095
279771124	4095
279781124	4095
279791124	4095
279801132	4095
279811124	4095
279821124	4095
279831124	4095
279841124	4095
279851124	4095
279861124	4095
279871124	4095
279881124	4095
279891124	4095
279901132	4095
279911124	4095
279921124	4095
279931124	4095
279941124	4095
279951124	4095
279961124	4095
279971124	4095
279981124	4095
279991124	4095
280001132	4095
280011124	4095
280021124	4095
280031124	4095
280041124	4095
280051124	4095
280061124	4095
280071124	4095
280081124	4095
280091124	4095
280101182	4095
280111124	4095
280121124	4095
280131124	4095
280141124	4095
280151124	4095
280161124	4095
280171124	4095
280181124	4095
280191124	4095
280201124	4095
280211132	4095
280221124	4095
280231124	4095
280241124	4095
280251124	4095
280261124	4095
280271124	4095
280281124	4095
280291124	4095
280301124	4095
280311132	4095
280321124	4095
280331124	4095
280341124	4095
280351124	4095
280361124	4095
280371124	4095
280381124	4095
280391124	4095
280401124	4095
280411132	4095
280421124	4095
280431124	4095
280441124	4095
280451124	4095
280461124	4095
280471124	4095
280481124	4095
280491124	4095
280501124	4095
280511132	4095
280521124	4095
280531124	4095
280541124	4095
280551124	4095
280561124	4095
280571124	4095
280581124	4095
280591124	4095
280601124	4095
280611124	4095
280621132	4095
280631124	4095
280641124	4095
280651124	4095
280661124	4095
280671124	4095
280681124	4095
280691124	4095
280701124	4095
280711124	4095
280721132	4095
280731124	4095
280741124	4095
280751124	4095
280761124	4095
280771124	4095
280781124	4095
280791124	4095
280801124	4095
280811124	4095
280821132	4095
280831124	4095
280841124	4095
280851124	4095
280861124	4095
280871124	4095
280881124	4095
280891124	4095
280901124	4095
280911124	4095
280921132	4095
280931124	4095
280941124	4095
280951124	4095
280961124	4095
280971124	4095
280981124	4095
280991124	4095
281001124	4095
281011124	4095
281021124	4095
281031132	4095
281041124	4095
281051124	4095
281061124	4095
281071124	4095
281081124	4095
281091124	4095
281101124	4095
281111124	4095
281121124	4095
281131132	4095
281141124	4095
281151124	4095
281161124	4095
281171124	4095
281181124	4095
281191124	4095
281201124	4095
281211124	4095
281221823	4095
281231132	4095
281241124	4095
281251124	4095
281261124	4095
281271124	4095
281281124	4095
281291124	4095
281301124	4095
281311124	4095
281321124	4095
281331132	4095
281341124	4095
281351124	4095
281361124	4095
281371124	4095
281381124	4095
281391124	4095
281401124	4095
281411124	4095
281421124	4095
281431124	4095
281441132	4095
281451124	4095
281461124	4095
281471124	4095
281481124	4095
281491124	4095
281501124	4095
281511124	4095
281521124	4095
281531124	4095
281541132	4095
281551124	4095
281561124	4095
281571124	4095
281581124	4095
281591124	4095
281601124	4095
281611124	4095
281621124	4095
281631425	713
281641132	4095
281651124	4095
281661124	4095
281671124	4095
281681124	4095
281691124	4095
281701124	4095
281711124	4095
281721124	4095
281731124	4095
281741124	4095
281751124	4095
281761124	4095
281771124	4095
281781124	4095
281791124	4095
281801124	4095
281811124	4095
281821124	4095
281831124	4095
281841923	4095
281851124	4095
281861124	4095
281871124	4095
281881124	4095
281891124	4095
281901124	4095
281911124	4095
281921124	4095
281931124	4095
281941124	4095
281951132	4095
281961124	4095
281971124	4095
281981124	4095
281991124	4095
282001124	4095
282011124	4095
282021124	4095
282031124	4095
282041124	4095
282051132	4095
282061124	4095
282071124	4095
282081124	4095
282091124	4095
282101124	4095
282111124	4095
282121124	4095
282131124	4095
282141124	4095
282151132	4095
282161124	4095
282171124	4095
282181124	4095
282191124	4095
282201124	4095
282211124	4095
282221124	4095
282231124	4095
282241124	4095
282251529	4095
282261124	4095
282271124	4095
282281124	4095
282291124	4095
282301124	4095
282311124	4095
282321124	4095
282331124	4095
282341124	4095
282351124	4095
282361132	4095
282371124	4095
282381124	4095
282391124	4095
282401124	4095
282411124	4095
282421124	4095
282431124	4095
282441124	4095
282451124	4095
282461132	4095
282471124	4095
282481124	4095
282491124	4095
282501124	4095
282511124	4095
282521124	4095
282531124	4095
282541124	4095
282551124	4095
282561124	4095
282571124	4095
282581124	4095
282591124	4095
282601124	4095
282611124	4095
282621124	4095
282631124	4095
282641124	4095
282651124	4095
282661135	4095
282671124	4095
282681124	4095
282691124	4095
282701124	4095
282711124	4095
282721124	4095
282731124	4095
282741124	4095
282751124	4095
282761124	4095
282771132	4095
282781124	4095
282791124	4095
282801124	4095
282811124	4095
282821124	4095
282831124	4095
282841124	4095
282851124	4095
282861124	4095
282871132	4095
282881124	4095
282891124	4095
282901124	4095
282911124	4095
282921124	4095
282931124	4095
282941124	4095
282951124	4095
282961124	4095
282971132	4095
282981124	4095
282991124	4095
283001124	4095
283011124	4095
283021124	4095
283031124	4095
283041124	4095
283051124	4095
283061124	4095
283071132	4095
283081124	4095
283091124	4095
283101124	4095
283111124	4095
283121124	4095
283131124	4095
283141124	4095
283151124	4095
283161124	4095
283171124	4095
283181132	4095
283191124	4095
283201124	4095
283211124	4095
283221124	4095
283231124	4095
283241124	4095
283251124	4095
283261124	4095
283271124	4095
283281132	4095
283291124	4095
283301124	4095
283311124	4095
283321124	4095
283331124	4095
283341124	4095
283351124	4095
283361124	4095
283371124	4095
283381132	4095
283391124	4095
283401124	4095
283411124	4095
283421124	4095
283431124	4095
283441124	4095
283451124	4095
283461124	4095
283471124	4095
283481132	4095
283491124	4095
283501124	4095
283511124	4095
283521124	4095
283531124	4095
283541124	4095
283551124	4095
283561124	4095
283571124	4095
283581124	4095
283591132	4095
283601124	4095
283611124	4095
283621124	4095
283631124	4095
283641124	4095
283651124	4095
283661124	4095
283671124	4095
283681124	4095
283691132	4095
283701124	4095
283711124	4095
283721124	4095
283731124	4095
283741124	4095
283751124	4095
283761124	4095
283771124	4095
283781825	4095
283791132	4095
283801124	4095
283811124	4095
283821124	4095
283831124	4095
283841124	4095
283851124	4095
283861124	4095
283871124	4095
283881124	4095
283891132	4095
283901124	4095
283911124	4095
283921124	4095
283931124	4095
283941124	4095
283951124	4095
283961124	4095
283971124	4095
283981124	4095
283991124	4095
284001132	4095
284011124	4095
284021124	4095
284031124	4095
284041124	4095
284051124	4095
284061124	4095
284071124	4095
284081124	4095
284091132	4095
284101132	4095
284111124	4095
284121124	4095
284131124	4095
284141124	4095
284151124	4095
284161124	4095
284171124	4095
284181124	4095
284191503	830
284201132	4095
284211124	4095
284221124	4095
284231124	4095
284241124	4095
284251124	4095
284261124	4095
284271124	4095
284281124	4095
284291124	4095
284301132	4095
284311124	4095
284321124	4095
284331124	4095
284341124	4095
284351124	4095
284361124	4095
284371124	4095
284381124	4095
284391124	4095
284401929	4095
284411124	4095
284421124	4095
284431124	4095
284441124	4095
284451124	4095
284461124	4095
284471124	4095
284481124	4095
284491124	4095
284501124	4095
284511132	4095
284521124	4095
284531124	4095
284541124	4095
284551124	4095
284561124	4095
284571124	4095
284581124	4095
284591124	4095
284601124	4095
284611132	4095
284621124	4095
284631124	4095
284641124	4095
284651124	4095
284661124	4095
284671124	4095
284681124	4095
284691124	4095
284701124	4095
284711132	4095
284721124	4095
284731124	4095
284741124	4095
284751124	4095
284761124	4095
284771124	4095
284781124	4095
284791124	4095
284801124	4095
284811504	4095
284821124	4095
284831124	4095
284841124	4095
284851124	4095
284861124	4095
284871124	4095
284881124	4095
284891124	4095
284901124	4095
284911124	4095
284921132	4095
284931124	4095
284941124	4095
284951124	4095
284961124	4095
284971124	4095
284981124	4095
284991124	4095
285001124	4095
285011124	4095
285021132	4095
285031124	4095
285041124	4095
285051124	4095
285061124	4095
285071124	4095
285081124	4095
285091124	4095
285101124	4095
285111124	4095
285121132	4095
285131124	4095
285141124	4095
285151124	4095
285161124	4095
285171124	4095
285181124	4095
285191124	4095
285201124	4095
285211124	4095
285221134	4095
285231124	4095
285241124	4095
285251124	4095
285261124	4095
285271124	4095
285281124	4095
285291124	4095
285301124	4095
285311124	4095
285321124	4095
285331132	4095
285341124	4095
285351124	4095
285361124	4095
285371124	4095
285381124	4095
285391124	4095
285401124	4095
285411124	4095
285421124	4095
285431132	4095
285441124	4095
285451124	4095
285461124	4095
285471124	4095
285481124	4095
285491124	4095
285501124	4095
285511124	4095
285521124	4095
285531132	4095
285541124	4095
285551124	4095
285561124	4095
285571124	4095
285581124	4095
285591124	4095
285601124	4095
285611124	4095
285621124	4095
285631132	4095
285641124	4095
285651124	4095
285661124	4095
285671124	4095
285681124	4095
285691124	4095
285701124	4095
285711124	4095
285721124	4095
285731124	4095
285741132	4095
285751124	4095
285761124	4095
285771124	4095
285781124	4095
285791124	4095
285801124	4095
285811124	4095
285821124	4095
285831124	4095
285841132	4095
285851124	4095
285861124	4095
285871124	4095
285881124	4095
285891124	4095
285901124	4095
285911124	4095
285921124	4095
285931124	4095
285941132	4095
285951124	4095
285961124	4095
285971124	4095
285981124	4095
285991124	4095
286001124	4095
286011124	4095
286021124	4095
286031124	4095
286041132	4095
286051124	4095
286061124	4095
286071124	4095
286081124	4095
286091124	4095
286101124	4095
286111124	4095
286121124	4095
286131124	4095
286141124	4095
286151132	4095
286161124	4095
286171124	4095
286181124	4095
286191124	4095
286201124	4095
286211124	4095
286221124	4095
286231124	4095
286241124	4095
286251132	4095
286261124	4095
286271124	4095
286281124	4095
286291124	4095
286301124	4095
286311124	4095
286321124	4095
286331124	4095
286341838	4095
286351132	4095
286361124	4095
286371124	4095
286381124	4095
286391124	4095
286401124	4095
286411124	4095
286421124	4095
286431124	4095
286441124	4095
286451132	4095
286461124	4095
286471124	4095
286481124	4095
286491124	4095
286501124	4095
286511124	4095
286521124	4095
286531124	4095
286541124	4095
286551124	4095
286561132	4095
286571124	4095
286581124	4095
286591124	4095
286601124	4095
286611124	4095
286621124	4095
286631124	4095
286641124	4095
286651124	4095
286661132	4095
286671124	4095
286681124	4095
286691124	4095
286701124	4095
286711124	4095
286721124	4095
286731124	4095
286741124	4095
286751434	711
286761132	4095
286771124	4095
286781124	4095
286791124	4095
286801124	4095
286811124	4095
286821124	4095
286831124	4095
286841124	4095
286851124	4095
286861132	4095
286871124	4095
286881124	4095
286891124	4095
286901124	4095
286911124	4095
286921124	4095
286931136	4095
